{
    "delay_ns": 0.989571,
    "wirelength": 3.0,
    "power_w": 0.0002673,
    "routing_area": 6579.4
}