{
    "delay_ns": 1.21985,
    "wirelength": 21.0,
    "power_w": 0.0002217,
    "routing_area": 6579.4
}